1.55 0.0367 297 235
1.71 -0.087 342 236
1.85 -0.41 433 237
2.01 -0.517 455 234
1.98 -0.741 515 234
2.02 -0.954 562 232
2.13 -0.867 529 237
2.28 -0.447 422 237
2.42 -0.317 382 236
2.36 -0.782 490 234
2.15 -0.68 480 234
2.04 -0.557 459 235
1.84 -0.304 406 234
1.49 -0.61 536 233
1.58 -0.407 457 235
1.62 -0.0965 337 236
1.68 0.0577 284 237
1.75 0.165 256 236
1.88 0.0291 303 238
1.98 0.239 244 236
2.03 0.458 189 235
2.08 0.665 133 236
2.15 0.513 181 236
1.95 0.834 76 236
2.2 0.495 189 235
1.86 0.804 74 237
1.76 0.461 160 235
1.45 0.288 196 236
1.39 0.443 125 236
1.41 0.215 220 233
1.68 0.294 215 235
1.85 0.225 249 235
2.17 0.178 269 235
2.04 -0.51 438 233
1.96 -0.367 4.5 232
